a1654 1106 37
1648 1106 37
a443 983 34
a689 992 32
a253 1184 36
a1072 1103 34
a632 997 37
a1540 16 37
a1516 1052 36
a877 986 32
a1001 1121 34
a1538 1040 39
a1657 1103 36
1655 1114 26
a1358 1054 39
a992 1109 37
a988 1100 39
a1234 1123 32
a1699 1099 34
1696 1111 21
a868 992 31
a557 965 39
a986 1105 29
981 1120 29
988 1105 29
988 1102 19
990 1101 23
a860 1102 39
859 1101 39
a590 1096 39
a1240 1120 23
a1117 1130 34
a994 1108 34
a829 1067 39
a1060 1112 37
a1715 1169 23
a619 1018 36
a856 1120 39
a977 929 29
a1123 1130 39
a811 1126 39
a1735 962 26
a841 1130 39
a1021 1136 39
a997 935 32
a1361 1088 39
a871 1024 37
a1066 1253 32
a874 1025 32
a874 1025 32
a2399 1717 28
a1219 1199 32
a989 943 31
a1655 928 34
1672 907 32
a1684 842 37
a535 1117 39
a997 938 32
998 936 28
1003 939 26
1003 939 24
1004 938 26
1007 936 26
990 930 29
a340 1001 37
a2485 1702 39
2486 1701 34
2488 1695 34
a1564 25 37
1563 19 37
1565 14 37
1564 11 36
a898 971 31
898 971 32
899 969 31
a472 1069 39
473 1070 39
a2479 1123 36
2477 1125 31
a880 1042 39
a2465 1114 34
2462 1111 34
a2329 1064 20
a2327 1075 22
2329 1096 18
a2473 1076 29
2476 1079 29
2476 1086 34
a1804 1118 26
1798 1121 28
1795 1127 26
1790 1134 24
1786 1139 26
1783 1142 27
a2522 1150 39
2524 1161 32
2531 1164 32
2553 1150 27
a1784 1165 24
1786 1163 29
1786 1127 14
a935 931 31
a1868 1112 20
1871 1112 22
a1021 1280 36
a1024 1274 28
a2335 1151 31
a1828 1186 27
1832 1182 29
